193008721
193008727
193008731
193008749
193008773
193008779
193008791
193008797
193008841
193008857
193008863
193008869
193008889
193008899
193008901
193008961
193008967
193008971
193008989
193009013
193009021
193009043
193009073
193009097
193009121
193009147
193009151
193009183
193009189
193009207
193009217
193009249
193009273
193009291
193009303
193009309
193009319
193009343
193009357
193009361
193009373
193009387
193009459
193009463
193009477
193009493
193009519
193009541
193009549
193009567
193009601
193009603
193009631
193009633
193009637
193009639
193009667
193009681
193009717
193009753
193009759
193009799
193009801
193009811
193009841
193009867
193009903
193009907
193009909
193009931
193009933
193010009
193010057
193010087
193010119
193010141
193010171
193010179
193010201
193010219
193010221
193010243
193010263
193010269
193010297
193010327
193010339
193010353
193010357
193010369
193010381
193010383
193010387
193010407
193010423
193010429
193010437
193010449
193010483
193010491
193010497
193010513
193010533
193010563
193010581
193010599
193010621
193010647
193010693
193010729
193010749
193010791
193010801
193010819
193010827
193010879
193010887
193010897
193010927
193010941
193010953
193010957
193010971
193010977
193011011
193011017
193011023
193011029
193011031
193011041
193011043
193011073
193011079
193011097
193011103
193011109
193011127
193011131
193011167
193011199
193011209
193011227
193011233
193011241
193011257
193011283
193011289
193011293
193011307
193011311
193011317
193011337
193011359
193011373
193011407
193011433
193011521
193011527
193011547
193011551
193011569
193011587
193011589
193011593
193011677
193011697
193011787
193011799
193011809
193011811
193011817
193011851
193011853
193011877
193011901
193011911
193011919
193011961
193011967
193011977
193011979
193011989
193011997
193012063
193012093
193012097
193012103
193012109
193012117
193012153
193012177
193012181
193012213
193012283
193012333
193012349
193012361
193012363
193012399
193012439
193012453
193012459
193012471
193012489
193012493
193012499
193012529
193012531
193012553
193012559
193012613
193012709
193012753
193012763
193012819
193012823
193012843
193012873
193012877
193012889
193012891
193012907
193012921
193012957
193012991
193012993
193013017
193013057
193013059
193013069
193013081
193013101
193013113
193013123
193013129
193013137
193013147
193013207
193013209
193013213
193013243
193013251
193013269
193013279
193013297
193013329
193013339
193013351
193013371
193013383
193013389
193013407
193013441
193013453
193013459
193013467
193013479
193013489
193013503
193013507
193013519
193013543
193013549
193013551
193013599
193013633
193013671
193013701
193013707
193013747
193013749
193013783
193013789
193013797
193013809
193013833
193013893
193013897
193013917
193013921
193013923
193013993
193014011
193014013
193014023
193014047
193014049
193014061
193014067
193014077
193014079
193014083
193014121
193014127
193014161
193014191
193014251
193014271
193014307
193014313
193014317
193014319
193014361
193014421
193014433
193014439
193014443
193014449
193014461
193014469
193014491
193014527
193014529
193014539
193014557
193014581
193014589
193014611
193014623
193014671
193014709
193014743
193014761
193014769
193014793
193014803
193014823
193014869
193014881
193014883
193014907
193014929
193014931
193014937
193014949
193014953
193014989
193015001
193015013
193015027
193015061
193015087
193015111
193015153
193015181
193015183
193015189
193015201
193015217
193015223
193015231
193015237
193015259
193015289
193015351
193015363
193015367
193015369
193015411
193015439
193015447
193015451
193015463
193015469
193015477
193015483
193015499
193015507
193015541
193015549
193015573
193015591
193015597
193015607
193015621
193015631
193015673
193015709
193015729
193015751
193015763
193015769
193015787
193015799
193015819
193015829
193015831
193015859
193015861
193015873
193015883
193015897
193015913
193015969
193015973
193015993
193016009
193016029
193016051
193016099
193016107
193016167
193016171
193016179
193016183
193016189
193016191
193016267
193016281
193016311
193016333
193016359
193016381
193016393
193016399
193016443
193016449
193016491
193016503
193016539
193016557
193016563
193016567
193016581
193016587
193016597
193016609
193016669
193016699
193016701
193016717
193016729
193016731
193016737
193016821
193016833
193016849
193016867
193016869
193016909
193016911
193016917
193016947
193016951
193016969
193016977
193016983
193017007
193017047
193017079
193017089
193017113
193017131
193017137
193017157
193017163
193017169
193017211
193017229
193017233
193017277
193017287
193017289
193017317
193017353
193017373
193017389
193017421
193017437
193017457
193017469
193017479
193017491
193017511
193017551
193017557
193017577
193017607
193017613
193017631
193017653
193017667
193017683
193017697
193017701
193017719
193017731
193017739
193017787
193017809
193017833
193017859
193017883
193017893
193017901
193017919
193017931
193017943
193017953
193017967
193017971
193017989
193018019
193018031
193018043
193018117
193018129
193018157
193018279
193018333
193018337
193018339
193018361
193018367
193018379
193018393
193018411
193018417
193018429
193018451
193018453
193018471
193018481
193018513
193018523
193018547
193018571
193018589
193018591
193018607
193018627
193018667
193018687
193018699
193018703
