193018711
193018723
193018733
193018747
193018753
193018841
193018849
193018871
193018897
193018909
193018919
193018933
193018949
193018957
193018999
193019011
193019023
193019063
193019093
193019117
193019129
193019137
193019143
193019159
193019179
193019201
193019249
193019261
193019287
193019293
193019327
193019329
193019339
193019353
193019363
193019369
193019371
193019401
193019419
193019467
193019509
193019521
193019527
193019543
193019557
193019573
193019579
193019597
193019599
193019623
193019633
193019641
193019653
193019663
193019699
193019719
193019747
193019777
193019797
193019809
193019833
193019839
193019863
193019881
193019941
193019951
193019977
193020001
193020007
193020013
193020017
193020041
193020053
193020067
193020101
193020131
193020133
193020137
193020151
193020173
193020181
193020187
193020253
193020277
193020283
193020323
193020337
193020343
193020389
193020461
193020473
193020481
193020511
193020517
193020523
193020551
193020571
193020613
193020629
193020631
193020637
193020649
193020673
193020689
193020701
193020713
193020719
193020731
193020767
193020803
193020809
193020847
193020857
193020871
193020889
193020917
193020929
193020931
193020953
193020959
193020967
193020977
193021021
193021039
193021069
193021091
193021093
193021121
193021139
193021163
193021181
193021183
193021189
193021211
193021229
193021237
193021243
193021261
193021277
193021291
193021321
193021327
193021333
193021351
193021357
193021369
193021373
193021379
193021421
193021427
193021471
193021483
193021487
193021537
193021541
193021559
193021567
193021571
193021613
193021693
193021721
193021739
193021747
193021771
193021781
193021789
193021793
193021823
193021853
193021861
193021877
193021879
193021909
193021921
193021937
193021943
193021993
193022017
193022023
193022033
193022051
193022059
193022077
193022113
193022119
193022149
193022171
193022183
193022209
193022257
193022261
193022281
193022287
193022299
193022317
193022321
193022327
193022339
193022353
193022429
193022491
193022503
193022513
193022519
193022537
193022603
193022611
193022639
193022701
193022719
193022723
193022761
193022773
193022803
193022827
193022839
193022887
193022911
193022939
193022941
193022953
193022983
193022987
193023007
193023013
193023029
193023037
193023041
193023059
193023067
193023073
193023091
193023119
193023139
193023157
193023163
193023167
193023197
193023209
193023211
193023239
193023241
193023247
193023251
193023269
193023277
193023293
193023301
193023317
193023319
193023359
193023361
193023379
193023401
193023421
193023427
193023437
193023463
193023473
193023503
193023541
193023553
193023569
193023587
193023629
193023637
193023647
193023683
193023697
193023707
193023713
193023731
193023737
193023749
193023757
193023799
193023811
193023839
193023841
193023847
193023863
193023881
193023953
193023959
193023973
193023977
193023979
193023989
193023997
193024031
193024049
193024061
193024081
193024109
193024129
193024141
193024147
193024189
193024201
193024217
193024243
193024267
193024289
193024297
193024309
193024331
193024333
193024361
193024367
193024411
193024417
193024421
193024427
193024519
193024537
193024561
193024567
193024603
193024661
193024669
193024673
193024739
193024747
193024753
193024757
193024759
193024771
193024823
193024831
193024861
193024877
193024907
193024927
193024943
193024969
193024999
193025017
193025029
193025051
193025059
193025071
193025093
193025101
193025143
193025153
193025197
193025219
193025233
193025249
193025279
193025291
193025297
193025303
193025317
193025341
193025353
193025369
193025461
193025471
193025507
193025509
193025551
193025557
193025621
193025627
193025647
193025659
193025687
193025719
193025737
193025743
193025759
193025773
193025779
193025801
193025813
193025863
193025869
193025873
193025887
193025897
193025923
193025927
193025941
193025969
193025971
193025977
193025981
193026083
193026101
193026107
193026121
193026173
193026203
193026221
193026241
193026257
193026277
193026293
193026311
193026329
193026343
193026359
193026409
193026413
193026433
193026437
193026443
193026451
193026473
193026481
193026503
193026569
193026571
193026577
193026593
193026601
193026611
193026629
193026667
193026727
193026733
193026737
193026751
193026763
193026767
193026803
193026829
193026839
193026851
193026877
193026887
193026961
193026973
193026989
193027013
193027019
193027069
193027097
193027123
193027147
193027157
193027183
193027193
193027217
193027223
193027259
193027267
193027279
193027309
193027343
193027369
193027379
193027397
193027399
193027423
193027433
193027507
193027511
193027519
193027529
193027547
193027553
193027613
193027663
193027699
193027721
193027781
193027801
193027819
193027823
193027829
193027831
193027837
193027907
193027909
193027943
193027997
193028009
193028021
193028027
193028063
193028083
193028093
193028113
193028137
193028141
193028153
193028179
193028191
193028207
193028219
193028221
193028233
193028237
193028267
193028291
193028293
193028299
193028347
193028359
193028417
193028431
193028449
193028531
193028567
193028573
193028639
193028651
193028653
193028699
