193128697
193128709
193128713
193128739
193128751
193128779
193128797
193128809
193128839
193128847
193128869
193128911
193128913
193128931
193128941
193128973
193129031
193129033
193129049
193129073
193129081
193129087
193129121
193129127
193129133
193129141
193129169
193129177
193129187
193129193
193129201
193129247
193129253
193129351
193129369
193129379
193129421
193129427
193129481
193129493
193129499
193129507
193129513
193129523
193129549
193129561
193129567
193129583
193129609
193129613
193129621
193129631
193129633
193129679
193129687
193129693
193129697
193129747
193129759
193129771
193129787
193129793
193129817
193129823
193129847
193129891
193129897
193129903
193129921
193129943
193129949
193129997
193129999
193130009
193130017
193130023
193130027
193130029
193130033
193130059
193130099
193130129
193130173
193130239
193130257
193130261
193130263
193130291
193130303
193130321
193130339
193130347
193130351
193130363
193130369
193130419
193130449
193130461
193130467
193130477
193130513
193130519
193130521
193130537
193130543
193130593
193130599
193130629
193130653
193130677
193130683
193130699
193130753
193130767
193130789
193130813
193130843
193130851
193130857
193130911
193130933
193130939
193130989
193131031
193131061
193131079
193131091
193131121
193131149
193131151
193131173
193131179
193131193
193131217
193131223
193131233
193131247
193131259
193131277
193131287
193131293
193131331
193131343
193131353
193131383
193131401
193131403
193131439
193131461
193131467
193131473
193131479
193131481
193131517
193131539
193131553
193131557
193131563
193131569
193131571
193131593
193131613
193131661
193131703
193131707
193131727
193131733
193131737
193131769
193131773
193131779
193131797
193131817
193131833
193131847
193131881
193131889
193131893
193131899
193131923
193131929
193131931
193131973
193132001
193132031
193132033
193132061
193132067
193132073
193132091
193132097
193132103
193132109
193132117
193132151
193132153
193132187
193132217
193132237
193132243
193132253
193132273
193132279
193132297
193132349
193132367
193132369
193132399
193132421
193132441
193132463
193132469
193132483
193132493
193132517
193132543
193132553
193132559
193132561
193132571
193132613
193132627
193132657
193132691
193132717
193132727
193132781
193132787
193132789
193132799
193132813
193132831
193132843
193132847
193132867
193132879
193132889
193132921
193132943
193132969
193132991
193133009
193133021
193133027
193133029
193133033
193133041
193133053
193133063
193133089
193133099
193133173
193133197
193133203
193133263
193133273
193133287
193133351
193133401
193133453
193133477
193133483
193133497
193133509
193133527
193133531
193133543
193133579
193133593
193133621
193133641
193133671
193133711
193133741
193133767
193133771
193133777
193133797
193133849
193133851
193133893
193133909
193133929
193133947
193133953
193133971
193133977
193133989
193134001
193134023
193134041
193134049
193134079
193134091
193134101
193134131
193134143
193134169
193134181
193134187
193134203
193134211
193134239
193134241
193134257
193134307
193134311
193134329
193134341
193134343
193134367
193134379
193134397
193134407
193134437
193134439
193134463
193134481
193134499
193134511
193134527
193134533
193134581
193134589
193134631
193134647
193134659
193134691
193134719
193134727
193134761
193134769
193134779
193134793
193134817
193134827
193134847
193134853
193134881
193134883
193134911
193134917
193134919
193134923
193134961
193135031
193135039
193135049
193135067
193135069
193135081
193135091
193135097
193135121
193135199
193135207
193135253
193135259
193135279
193135291
193135303
193135337
193135373
193135391
193135409
193135417
193135457
193135477
193135483
193135499
193135511
193135517
193135559
193135567
193135573
193135601
193135619
193135639
193135693
193135697
193135751
193135769
193135823
193135829
193135837
193135843
193135847
193135883
193135889
193135903
193135907
193135927
193135951
193135993
193136023
193136029
193136033
193136059
193136089
193136093
193136101
193136123
193136131
193136137
193136149
193136171
193136233
193136243
193136249
193136257
193136261
193136297
193136299
193136327
193136347
193136353
193136381
193136423
193136477
193136513
193136519
193136557
193136561
193136579
193136597
193136621
193136627
193136641
193136663
193136687
193136731
193136737
193136743
193136761
193136791
193136803
193136807
193136809
193136831
193136833
193136849
193136857
193136861
193136869
193136887
193136899
193136917
193136941
193136971
193136987
193137011
193137023
193137047
193137079
193137107
193137127
193137137
193137143
193137167
193137179
193137211
193137271
193137281
193137283
193137313
193137331
193137389
193137397
193137403
193137433
193137457
193137491
193137557
193137563
193137569
193137577
193137583
193137613
193137619
193137643
193137653
193137667
193137677
193137683
193137701
193137727
193137761
193137803
193137827
193137829
193137851
193137871
193137937
193137991
193138009
193138013
193138027
193138031
193138063
193138067
193138109
193138133
193138151
193138163
193138189
193138219
193138223
193138229
193138237
193138243
193138271
193138279
193138303
193138313
193138333
193138367
193138391
193138397
193138399
193138423
193138433
193138441
193138453
193138459
193138487
193138501
193138541
193138559
193138571
193138573
193138597
193138601
193138607
193138619
193138643
193138657
193138663
193138669
