193038743
193038751
193038779
193038787
193038817
193038863
193038871
193038883
193038889
193038899
193038907
193038929
193038941
193038959
193039003
193039009
193039013
193039039
193039043
193039057
193039081
193039087
193039117
193039123
193039129
193039157
193039163
193039177
193039181
193039213
193039219
193039237
193039289
193039333
193039337
193039349
193039367
193039421
193039463
193039477
193039489
193039499
193039501
193039519
193039523
193039537
193039547
193039549
193039559
193039571
193039579
193039591
193039643
193039661
193039687
193039703
193039723
193039733
193039741
193039757
193039783
193039793
193039817
193039837
193039853
193039859
193039909
193039919
193039967
193039993
193039997
193040011
193040033
193040039
193040053
193040077
193040093
193040123
193040167
193040179
193040191
193040203
193040207
193040249
193040291
193040369
193040383
193040387
193040401
193040429
193040461
193040479
193040483
193040509
193040527
193040531
193040567
193040579
193040591
193040597
193040629
193040641
193040651
193040671
193040707
193040719
193040747
193040761
193040773
193040777
193040789
193040807
193040851
193040857
193040867
193040873
193040879
193040923
193040929
193040941
193040957
193040959
193040971
193040983
193040989
193040993
193041011
193041029
193041041
193041091
193041113
193041131
193041133
193041169
193041179
193041187
193041193
193041229
193041253
193041257
193041259
193041263
193041281
193041283
193041287
193041353
193041367
193041377
193041413
193041421
193041427
193041437
193041439
193041449
193041473
193041493
193041509
193041521
193041559
193041581
193041593
193041601
193041659
193041683
193041689
193041703
193041707
193041721
193041781
193041787
193041791
193041809
193041853
193041859
193041869
193041887
193041889
193041911
193041917
193041977
193041983
193041997
193042027
193042037
193042039
193042049
193042097
193042117
193042121
193042127
193042163
193042169
193042189
193042193
193042217
193042219
193042229
193042237
193042249
193042253
193042273
193042279
193042321
193042331
193042349
193042373
193042439
193042457
193042459
193042469
193042471
193042501
193042511
193042529
193042541
193042547
193042561
193042567
193042573
193042607
193042621
193042627
193042643
193042651
193042697
193042711
193042721
193042777
193042799
193042807
193042819
193042853
193042877
193042891
193042903
193042951
193042957
193042963
193042981
193042999
193043051
193043069
193043077
193043093
193043099
193043153
193043161
193043167
193043183
193043243
193043273
193043299
193043341
193043351
193043353
193043369
193043371
193043377
193043399
193043419
193043423
193043443
193043447
193043471
193043491
193043497
193043507
193043519
193043561
193043567
193043569
193043573
193043597
193043611
193043647
193043657
193043659
193043701
193043713
193043717
193043779
193043791
193043801
193043831
193043843
193043863
193043881
193043887
193043897
193043927
193043947
193043969
193044011
193044013
193044053
193044079
193044107
193044119
193044209
193044233
193044253
193044263
193044301
193044307
193044311
193044317
193044331
193044343
193044349
193044361
193044403
193044413
193044419
193044421
193044433
193044457
193044473
193044499
193044517
193044529
193044539
193044547
193044563
193044581
193044601
193044641
193044653
193044661
193044679
193044701
193044737
193044749
193044791
193044829
193044833
193044857
193044869
193044899
193044913
193044937
193044949
193044961
193045001
193045043
193045051
193045057
193045063
193045067
193045087
193045117
193045129
193045163
193045201
193045211
193045219
193045231
193045241
193045253
193045273
193045283
193045351
193045357
193045409
193045439
193045493
193045499
193045537
193045543
193045553
193045561
193045577
193045607
193045621
193045631
193045639
193045651
193045669
193045679
193045691
193045729
193045733
193045751
193045759
193045763
193045771
193045789
193045823
193045843
193045849
193045861
193045891
193045921
193045943
193045949
193045991
193045997
193046003
193046017
193046111
193046123
193046141
193046159
193046173
193046201
193046219
193046233
193046261
193046263
193046267
193046311
193046317
193046323
193046333
193046341
193046369
193046377
193046387
193046401
193046419
193046423
193046443
193046453
193046459
193046519
193046527
193046537
193046549
193046551
193046561
193046627
193046647
193046671
193046681
193046683
193046699
193046717
193046741
193046767
193046807
193046809
193046831
193046891
193046927
193046969
193046989
193046993
193047017
193047047
193047077
193047089
193047097
193047109
193047131
193047133
193047139
193047143
193047149
193047187
193047203
193047209
193047251
193047263
193047289
193047343
193047373
193047397
193047401
193047409
193047431
193047443
193047451
193047473
193047499
193047527
193047553
193047559
193047593
193047623
193047629
193047643
193047649
193047653
193047667
193047691
193047707
193047713
193047719
193047727
193047739
193047749
193047779
193047781
193047817
193047839
193047851
193047857
193047887
193047893
193047929
193047931
193047973
193047977
193047991
193047997
193048003
193048021
193048033
193048043
193048061
193048069
193048081
193048111
193048133
193048147
193048153
193048169
193048181
193048249
193048259
193048279
193048283
193048319
193048321
193048327
193048337
193048363
193048381
193048391
193048393
193048397
193048399
193048403
193048463
193048477
193048487
193048511
193048547
193048567
193048579
193048589
193048643
193048699
193048703
