193148717
193148723
193148741
193148783
193148789
193148807
193148833
193148861
193148863
193148867
193148869
193148881
193148899
193148929
193148933
193148947
193148953
193148959
193148983
193148993
193149043
193149049
193149059
193149091
193149113
193149149
193149161
193149197
193149211
193149227
193149301
193149317
193149343
193149371
193149373
193149389
193149403
193149433
193149449
193149479
193149487
193149493
193149503
193149511
193149527
193149553
193149589
193149637
193149661
193149667
193149689
193149701
193149727
193149739
193149757
193149769
193149779
193149787
193149793
193149833
193149863
193149907
193149911
193149917
193149941
193149949
193149959
193150007
193150031
193150049
193150051
193150187
193150207
193150229
193150231
193150261
193150267
193150271
193150337
193150357
193150361
193150387
193150417
193150421
193150427
193150439
193150501
193150519
193150541
193150543
193150547
193150579
193150591
193150597
193150609
193150621
193150649
193150669
193150673
193150679
193150691
193150717
193150721
193150807
193150819
193150823
193150829
193150831
193150847
193150861
193150897
193150901
193150913
193150931
193150961
193150967
193150981
193151003
193151009
193151047
193151051
193151081
193151083
193151089
193151143
193151201
193151237
193151261
193151279
193151317
193151333
193151351
193151353
193151377
193151383
193151389
193151393
193151407
193151411
193151461
193151479
193151521
193151537
193151551
193151573
193151579
193151593
193151611
193151617
193151683
193151689
193151711
193151719
193151741
193151767
193151789
193151809
193151839
193151843
193151851
193151857
193151869
193151921
193151947
193151957
193151963
193151989
193151993
193152019
193152031
193152061
193152067
193152073
193152083
193152109
193152121
193152133
193152191
193152199
193152217
193152293
193152301
193152313
193152331
193152343
193152361
193152389
193152397
193152403
193152437
193152457
193152473
193152493
193152497
193152523
193152539
193152541
193152581
193152587
193152611
193152629
193152647
193152679
193152683
193152697
193152737
193152749
193152769
193152797
193152809
193152823
193152833
193152851
193152857
193152907
193152959
193152977
193152979
193152983
193152989
193152991
193153013
193153043
193153063
193153117
193153139
193153141
193153153
193153187
193153189
193153193
193153211
193153237
193153271
193153277
193153307
193153313
193153321
193153339
193153349
193153361
193153391
193153393
193153403
193153417
193153447
193153451
193153459
193153483
193153523
193153573
193153577
193153589
193153603
193153621
193153637
193153651
193153663
193153673
193153679
193153687
193153729
193153757
193153769
193153781
193153811
193153819
193153823
193153841
193153843
193153853
193153861
193153871
193153897
193153921
193153927
193153957
193153967
193153991
193154011
193154033
193154053
193154083
193154113
193154147
193154167
193154189
193154191
193154201
193154231
193154251
193154263
193154267
193154279
193154281
193154287
193154329
193154341
193154369
193154383
193154387
193154407
193154411
193154441
193154473
193154477
193154497
193154503
193154531
193154557
193154573
193154579
193154651
193154657
193154677
193154699
193154711
193154729
193154747
193154771
193154869
193154873
193154879
193154881
193154887
193154891
193154917
193154933
193154939
193154957
193154959
193154971
193154987
193155023
193155031
193155049
193155073
193155077
193155091
193155103
193155119
193155143
193155169
193155191
193155199
193155233
193155239
193155247
193155251
193155253
193155301
193155323
193155331
193155407
193155409
193155461
193155491
193155493
193155511
193155593
193155601
193155619
193155647
193155659
193155749
193155757
193155769
193155791
193155811
193155839
193155877
193155901
193155923
193155953
193155959
193156013
193156081
193156097
193156099
193156121
193156123
193156127
193156151
193156157
193156177
193156217
193156219
193156241
193156253
193156279
193156283
193156303
193156349
193156351
193156357
193156367
193156373
193156399
193156409
193156421
193156429
193156471
193156517
193156519
193156543
193156547
193156571
193156577
193156583
193156589
193156591
193156631
193156637
193156661
193156673
193156697
193156729
193156741
193156757
193156787
193156807
193156811
193156841
193156861
193156867
193156879
193156897
193156919
193156961
193156987
193156993
193157053
193157071
193157087
193157089
193157099
193157101
193157137
193157141
193157189
193157201
193157269
193157299
193157399
193157407
193157423
193157431
193157453
193157467
193157479
193157507
193157509
193157527
193157543
193157557
193157593
193157623
193157641
193157663
193157669
193157687
193157707
193157801
193157813
193157821
193157831
193157837
193157863
193157879
193157891
193157959
193157963
193157969
193157977
193157989
193157999
193158001
193158037
193158041
193158061
193158079
193158083
193158113
193158151
193158191
193158197
193158211
193158221
193158223
193158227
193158289
193158293
193158311
193158349
193158353
193158461
193158499
193158527
193158533
193158593
193158599
193158601
193158619
193158649
193158653
193158677
193158689
