193058737
193058741
193058743
193058759
193058779
193058813
193058843
193058897
193058911
193058927
193058969
193059029
193059047
193059049
193059091
193059107
193059109
193059131
193059149
193059161
193059169
193059199
193059203
193059239
193059271
193059277
193059281
193059287
193059299
193059301
193059311
193059359
193059367
193059371
193059397
193059403
193059407
193059439
193059457
193059481
193059491
193059499
193059509
193059541
193059563
193059569
193059613
193059617
193059619
193059649
193059689
193059719
193059731
193059749
193059767
193059791
193059799
193059829
193059851
193059877
193059883
193059899
193059941
193059943
193059967
193060001
193060027
193060051
193060057
193060069
193060073
193060081
193060093
193060097
193060111
193060141
193060151
193060201
193060237
193060249
193060261
193060319
193060363
193060379
193060423
193060429
193060457
193060477
193060499
193060519
193060559
193060589
193060607
193060633
193060639
193060657
193060661
193060663
193060667
193060723
193060741
193060787
193060799
193060817
193060871
193060883
193060937
193060961
193060979
193060981
193061023
193061041
193061047
193061053
193061059
193061111
193061117
193061123
193061159
193061161
193061177
193061179
193061221
193061233
193061257
193061269
193061293
193061303
193061311
193061321
193061327
193061329
193061347
193061353
193061387
193061411
193061441
193061461
193061483
193061501
193061513
193061549
193061551
193061573
193061587
193061591
193061611
193061623
193061651
193061653
193061657
193061681
193061683
193061699
193061711
193061753
193061777
193061783
193061807
193061837
193061849
193061857
193061879
193061899
193061909
193061917
193061923
193061929
193061941
193062007
193062029
193062043
193062053
193062073
193062083
193062113
193062137
193062139
193062157
193062179
193062197
193062223
193062283
193062307
193062313
193062329
193062361
193062371
193062379
193062413
193062427
193062497
193062533
193062547
193062581
193062587
193062607
193062619
193062631
193062641
193062677
193062719
193062739
193062763
193062767
193062787
193062803
193062811
193062817
193062899
193062907
193062913
193062967
193062997
193063001
193063007
193063019
193063037
193063051
193063061
193063093
193063139
193063159
193063177
193063181
193063187
193063193
193063201
193063207
193063223
193063243
193063253
193063261
193063279
193063309
193063331
193063337
193063369
193063393
193063457
193063459
193063463
193063489
193063499
193063529
193063531
193063553
193063571
193063589
193063609
193063613
193063627
193063687
193063699
193063709
193063729
193063751
193063799
193063813
193063837
193063861
193063867
193063889
193063907
193063931
193063979
193064009
193064041
193064057
193064083
193064101
193064117
193064143
193064147
193064159
193064173
193064177
193064237
193064251
193064279
193064317
193064327
193064351
193064401
193064411
193064413
193064423
193064437
193064471
193064477
193064503
193064533
193064537
193064551
193064561
193064569
193064593
193064617
193064623
193064653
193064657
193064659
193064671
193064689
193064717
193064731
193064749
193064759
193064821
193064831
193064843
193064857
193064873
193064897
193064923
193064929
193064957
193064959
193064999
193065011
193065029
193065031
193065043
193065053
193065077
193065079
193065083
193065097
193065109
193065113
193065199
193065203
193065233
193065247
193065263
193065281
193065293
193065337
193065347
193065361
193065373
193065377
193065443
193065449
193065451
193065463
193065491
193065503
193065559
193065577
193065581
193065601
193065623
193065637
193065643
193065661
193065689
193065721
193065767
193065773
193065779
193065797
193065833
193065869
193065871
193065881
193065893
193065913
193066031
193066043
193066057
193066063
193066067
193066073
193066099
193066103
193066123
193066151
193066169
193066193
193066207
193066213
193066241
193066243
193066267
193066273
193066309
193066319
193066373
193066381
193066397
193066409
193066421
193066457
193066483
193066513
193066547
193066561
193066579
193066583
193066591
193066607
193066613
193066649
193066661
193066681
193066693
193066697
193066711
193066723
193066751
193066759
193066781
193066801
193066831
193066837
193066849
193066859
193066871
193066877
193066897
193066921
193066927
193066981
193066997
193067003
193067009
193067029
193067053
193067059
193067087
193067093
193067111
193067153
193067179
193067183
193067207
193067219
193067243
193067311
193067353
193067363
193067437
193067467
193067503
193067507
193067509
193067519
193067533
193067557
193067561
193067573
193067599
193067617
193067621
193067639
193067663
193067689
193067713
193067723
193067737
193067747
193067779
193067801
193067821
193067843
193067891
193067921
193067933
193067947
193067951
193067971
193068013
193068023
193068047
193068059
193068089
193068097
193068131
193068143
193068203
193068223
193068287
193068289
193068299
193068313
193068349
193068361
193068377
193068397
193068413
193068427
193068437
193068451
193068493
193068497
193068511
193068517
193068521
193068529
193068583
193068593
193068611
193068649
193068661
193068691
