193068727
193068731
193068763
193068787
193068793
193068851
193068853
193068871
193068893
193068913
193068917
193068947
193068971
193068973
193068977
193068989
193068991
193069003
193069007
193069021
193069033
193069049
193069057
193069073
193069169
193069189
193069231
193069307
193069313
193069319
193069339
193069351
193069363
193069381
193069397
193069399
193069423
193069433
193069439
193069477
193069489
193069511
193069517
193069531
193069543
193069553
193069573
193069603
193069607
193069631
193069637
193069687
193069691
193069693
193069711
193069717
193069739
193069763
193069769
193069777
193069783
193069859
193069873
193069897
193069927
193069931
193069939
193069951
193069967
193069979
193070021
193070029
193070041
193070069
193070113
193070147
193070159
193070183
193070209
193070239
193070291
193070321
193070351
193070357
193070359
193070363
193070389
193070393
193070413
193070417
193070443
193070461
193070497
193070503
193070509
193070519
193070531
193070539
193070543
193070561
193070569
193070621
193070641
193070651
193070659
193070687
193070737
193070741
193070749
193070753
193070767
193070771
193070789
193070791
193070849
193070851
193070863
193070869
193070873
193070897
193070909
193070923
193070953
193070981
193071001
193071029
193071037
193071041
193071049
193071059
193071077
193071083
193071089
193071097
193071107
193071113
193071127
193071157
193071199
193071211
193071251
193071257
193071289
193071301
193071311
193071353
193071377
193071383
193071391
193071409
193071443
193071451
193071457
193071481
193071491
193071509
193071547
193071551
193071553
193071563
193071569
193071577
193071581
193071611
193071617
193071679
193071709
193071713
193071721
193071731
193071733
193071757
193071773
193071779
193071803
193071833
193071847
193071869
193071881
193071919
193071929
193071943
193071947
193071953
193072003
193072037
193072039
193072049
193072063
193072067
193072109
193072133
193072141
193072147
193072171
193072177
193072181
193072199
193072211
193072237
193072241
193072261
193072283
193072289
193072301
193072339
193072361
193072379
193072391
193072441
193072457
193072469
193072487
193072499
193072507
193072543
193072577
193072589
193072597
193072609
193072651
193072667
193072679
193072727
193072729
193072751
193072769
193072811
193072819
193072823
193072829
193072837
193072849
193072853
193072871
193072907
193072931
193073009
193073021
193073033
193073051
193073057
193073081
193073087
193073093
193073107
193073149
193073173
193073263
193073273
193073327
193073333
193073341
193073381
193073389
193073417
193073449
193073453
193073501
193073597
193073609
193073627
193073669
193073681
193073693
193073711
193073717
193073719
193073729
193073731
193073773
193073813
193073821
193073849
193073857
193073863
193073869
193073887
193073897
193073939
193073971
193074001
193074031
193074053
193074061
193074109
193074127
193074157
193074179
193074191
193074209
193074223
193074227
193074229
193074281
193074311
193074313
193074319
193074359
193074391
193074403
193074407
193074421
193074433
193074437
193074439
193074461
193074509
193074533
193074569
193074571
193074587
193074589
193074613
193074619
193074649
193074659
193074667
193074677
193074697
193074733
193074757
193074767
193074809
193074829
193074877
193074881
193074883
193074887
193074907
193074923
193074971
193074983
193074997
193075007
193075009
193075021
193075049
193075061
193075073
193075097
193075111
193075123
193075147
193075151
193075153
193075189
193075193
193075219
193075229
193075241
193075247
193075261
193075277
193075313
193075319
193075327
193075349
193075367
193075369
193075411
193075423
193075427
193075429
193075451
193075459
193075469
193075481
193075499
193075517
193075523
193075537
193075567
193075609
193075637
193075643
193075667
193075691
193075711
193075723
193075747
193075759
193075769
193075801
193075819
193075877
193075973
193075991
193076003
193076033
193076069
193076077
193076087
193076173
193076179
193076189
193076203
193076209
193076239
193076243
193076263
193076311
193076353
193076369
193076371
193076383
193076393
193076417
193076431
193076437
193076441
193076473
193076483
193076491
193076551
193076593
193076617
193076629
193076641
193076669
193076671
193076683
193076707
193076717
193076731
193076771
193076783
193076791
193076833
193076911
193076971
193077013
193077023
193077037
193077047
193077151
193077167
193077179
193077229
193077263
193077271
193077277
193077281
193077289
193077299
193077301
193077307
193077319
193077349
193077361
193077371
193077397
193077407
193077421
193077431
193077461
193077491
193077497
193077499
193077503
193077527
193077539
193077553
193077583
193077589
193077607
193077631
193077649
193077667
193077673
193077691
193077701
193077727
193077743
193077767
193077769
193077793
193077839
193077883
193077931
193077947
193077961
193077977
193077991
193078001
193078007
193078033
193078037
193078049
193078051
193078063
193078069
193078079
193078091
193078117
193078153
193078157
193078177
193078187
193078229
193078243
193078253
193078279
193078283
193078297
193078309
193078313
193078337
193078339
193078351
193078381
193078423
193078429
193078451
193078489
193078499
193078507
193078559
193078573
193078579
193078631
193078661
193078663
193078687
