193078727
193078733
193078751
193078763
193078789
193078793
193078801
193078811
193078849
193078883
193078933
193078939
193078957
193078967
193078993
193079017
193079023
193079069
193079123
193079141
193079171
193079203
193079207
193079219
193079231
193079267
193079279
193079281
193079389
193079407
193079423
193079437
193079449
193079473
193079483
193079507
193079521
193079527
193079533
193079561
193079581
193079611
193079629
193079633
193079639
193079647
193079669
193079737
193079741
193079771
193079773
193079791
193079813
193079833
193079837
193079849
193079851
193079869
193079879
193079891
193079899
193079921
193079927
193079951
193079977
193079987
193080001
193080031
193080053
193080061
193080077
193080079
193080091
193080103
193080127
193080137
193080143
193080157
193080163
193080229
193080233
193080247
193080257
193080269
193080281
193080301
193080353
193080359
193080367
193080383
193080389
193080397
193080409
193080421
193080457
193080473
193080479
193080491
193080551
193080571
193080581
193080583
193080593
193080619
193080631
193080709
193080733
193080739
193080743
193080757
193080761
193080787
193080817
193080821
193080827
193080829
193080851
193080857
193080859
193080893
193080913
193080919
193080941
193080949
193080959
193080973
193081027
193081093
193081151
193081153
193081193
193081201
193081219
193081241
193081271
193081283
193081303
193081307
193081319
193081351
193081367
193081373
193081381
193081387
193081417
193081457
193081459
193081463
193081517
193081519
193081523
193081613
193081621
193081633
193081643
193081657
193081717
193081723
193081727
193081747
193081829
193081831
193081859
193081871
193081877
193081879
193081883
193081891
193081921
193081927
193081943
193081949
193081957
193081961
193081979
193081991
193082023
193082059
193082077
193082081
193082119
193082137
193082147
193082179
193082221
193082231
193082287
193082303
193082327
193082369
193082371
193082381
193082419
193082429
193082437
193082443
193082453
193082459
193082479
193082531
193082611
193082623
193082641
193082647
193082683
193082689
193082699
193082707
193082713
193082717
193082749
193082759
193082767
193082777
193082779
193082789
193082801
193082803
193082837
193082843
193082863
193082887
193082917
193082933
193082941
193082971
193082993
193083019
193083041
193083043
193083061
193083071
193083109
193083113
193083157
193083169
193083173
193083181
193083197
193083217
193083257
193083269
193083271
193083277
193083281
193083299
193083311
193083323
193083343
193083419
193083431
193083437
193083461
193083487
193083497
193083509
193083511
193083521
193083557
193083589
193083607
193083623
193083629
193083673
193083701
193083713
193083731
193083767
193083887
193083893
193083907
193083937
193083941
193083949
193083953
193083959
193083967
193083973
193083983
193084007
193084013
193084033
193084063
193084081
193084091
193084187
193084189
193084193
193084207
193084217
193084253
193084261
193084267
193084271
193084279
193084313
193084393
193084433
193084439
193084447
193084499
193084501
193084543
193084559
193084561
193084583
193084613
193084667
193084673
193084679
193084681
193084711
193084721
193084729
193084733
193084739
193084741
193084751
193084753
193084799
193084807
193084841
193084847
193084849
193084873
193084901
193084909
193085041
193085047
193085063
193085149
193085153
193085159
193085171
193085173
193085177
193085183
193085213
193085227
193085231
193085311
193085323
193085327
193085341
193085377
193085381
193085383
193085489
193085513
193085527
193085533
193085561
193085597
193085617
193085653
193085681
193085693
193085743
193085749
193085773
193085777
193085797
193085821
193085839
193085863
193085909
193085927
193085957
193085993
193086001
193086007
193086013
193086071
193086083
193086109
193086143
193086181
193086193
193086209
193086217
193086277
193086281
193086307
193086319
193086329
193086331
193086347
193086353
193086359
193086389
193086433
193086497
193086503
193086521
193086547
193086571
193086583
193086599
193086601
193086661
193086667
193086689
193086739
193086749
193086767
193086779
193086811
193086869
193086877
193086889
193086913
193086937
193086947
193086953
193086977
193086991
193086997
193087033
193087039
193087049
193087061
193087067
193087079
193087129
193087159
193087187
193087217
193087247
193087261
193087267
193087273
193087303
193087331
193087339
193087379
193087381
193087397
193087403
193087417
193087451
193087469
193087483
193087487
193087493
193087537
193087579
193087591
193087607
193087619
193087621
193087627
193087637
193087667
193087669
193087679
193087693
193087711
193087721
193087729
193087757
193087781
193087801
193087831
193087841
193087859
193087877
193087883
193087897
193087907
193087969
193087981
193087987
193088029
193088033
193088101
193088107
193088111
193088141
193088149
193088167
193088183
193088191
193088209
193088219
193088251
193088303
193088309
193088323
193088327
193088383
193088407
193088417
193088419
193088471
193088501
193088537
193088543
193088563
193088569
193088579
193088591
193088617
193088633
193088647
193088663
193088671
