193188703
193188727
193188739
193188767
193188791
193188797
193188817
193188839
193188841
193188851
193188859
193188871
193188883
193188887
193188907
193188911
193188929
193188943
193188953
193188967
193188973
193188991
193189019
193189091
193189103
193189109
193189111
193189141
193189147
193189163
193189219
193189261
193189313
193189327
193189349
193189391
193189421
193189439
193189457
193189481
193189483
193189519
193189531
193189571
193189573
193189589
193189597
193189637
193189639
193189643
193189657
193189679
193189699
193189729
193189741
193189753
193189757
193189769
193189771
193189783
193189813
193189817
193189831
193189837
193189847
193189849
193189859
193189879
193189889
193189907
193189933
193189943
193189951
193189957
193189963
193189981
193190003
193190021
193190027
193190033
193190071
193190089
193190117
193190149
193190177
193190189
193190191
193190201
193190251
193190269
193190293
193190299
193190303
193190321
193190359
193190369
193190377
193190383
193190407
193190411
193190449
193190453
193190507
193190509
193190513
193190521
193190527
193190549
193190561
193190573
193190581
193190597
193190617
193190677
193190713
193190719
193190761
193190773
193190807
193190819
193190831
193190857
193190891
193190897
193190909
193190911
193190927
193190947
193190951
193190981
193190983
193190999
193191001
193191013
193191073
193191091
193191113
193191133
193191137
193191149
193191151
193191161
193191181
193191203
193191223
193191233
193191253
193191347
193191371
193191379
193191391
193191403
193191409
193191431
193191433
193191443
193191457
193191517
193191521
193191527
193191599
193191611
193191613
193191623
193191637
193191643
193191683
193191701
193191703
193191727
193191749
193191751
193191767
193191809
193191821
193191827
193191841
193191851
193191863
193191883
193191899
193191913
193191917
193191937
193191953
193191983
193191989
193192037
193192039
193192061
193192067
193192073
193192081
193192117
193192127
193192141
193192147
193192151
193192159
193192201
193192213
193192243
193192283
193192309
193192339
193192379
193192393
193192397
193192409
193192427
193192463
193192481
193192487
193192501
193192511
193192523
193192537
193192541
193192561
193192591
193192603
193192621
193192721
193192757
193192759
193192771
193192793
193192843
193192849
193192891
193192907
193192933
193192949
193192973
193192991
193192997
193193009
193193027
193193029
193193047
193193087
193193129
193193131
193193137
193193141
193193149
193193177
193193179
193193183
193193191
193193239
193193249
193193263
193193267
193193269
193193293
193193323
193193327
193193347
193193381
193193383
193193393
193193467
193193479
193193503
193193521
193193557
193193569
193193591
193193603
193193617
193193647
193193657
193193659
193193669
193193683
193193699
193193713
193193719
193193753
193193773
193193801
193193807
193193867
193193879
193194007
193194011
193194019
193194041
193194049
193194083
193194101
193194121
193194161
193194191
193194193
193194217
193194241
193194251
193194257
193194269
193194289
193194301
193194359
193194377
193194389
193194403
193194431
193194437
193194461
193194467
193194473
193194499
193194509
193194539
193194541
193194557
193194563
193194577
193194587
193194637
193194653
193194667
193194689
193194691
193194709
193194713
193194751
193194811
193194853
193194877
193194901
193194913
193194923
193194931
193194941
193194959
193194973
193195003
193195043
193195061
193195063
193195091
193195109
193195111
193195133
193195141
193195151
193195159
193195169
193195183
193195213
193195231
193195253
193195273
193195279
193195283
193195291
193195307
193195367
193195391
193195393
193195399
193195421
193195433
193195447
193195451
193195459
193195487
193195493
193195511
193195523
193195529
193195543
193195571
193195573
193195577
193195631
193195661
193195663
193195679
193195687
193195711
193195727
193195747
193195753
193195777
193195789
193195801
193195817
193195853
193195859
193195867
193195903
193195943
193195979
193196023
193196027
193196039
193196051
193196063
193196093
193196099
193196111
193196117
193196131
193196147
193196153
193196197
193196207
193196221
193196243
193196249
193196299
193196303
193196359
193196363
193196401
193196411
193196417
193196431
193196543
193196561
193196581
193196599
193196611
193196657
193196671
193196701
193196741
193196747
193196771
193196777
193196813
193196851
193196873
193196881
193196903
193196911
193196917
193196933
193196947
193196951
193196981
193196999
193197001
193197019
193197023
193197049
193197071
193197077
193197083
193197139
193197157
193197161
193197209
193197223
193197227
193197259
193197269
193197287
193197293
193197311
193197317
193197337
193197341
193197379
193197383
193197397
193197413
193197421
193197443
193197451
193197467
193197479
193197497
193197527
193197541
193197559
193197583
193197601
193197619
193197637
193197647
193197659
193197661
193197671
193197701
193197727
193197731
193197737
193197761
193197787
193197793
193197799
193197803
193197817
193197841
193197847
193197857
193197899
193197937
193197943
193198009
193198039
193198043
193198067
193198073
193198079
193198123
193198139
193198199
193198207
193198253
193198259
193198277
193198283
193198301
193198307
193198333
193198337
193198381
193198399
193198429
193198457
193198469
193198471
193198483
193198501
193198507
193198547
193198559
193198561
193198583
193198589
193198637
193198639
