193098713
193098739
193098779
193098781
193098793
193098803
193098811
193098887
193098923
193098929
193098947
193098949
193098973
193098991
193099003
193099043
193099051
193099061
193099063
193099097
193099103
193099129
193099133
193099157
193099169
193099177
193099199
193099201
193099213
193099219
193099267
193099289
193099297
193099303
193099331
193099349
193099367
193099399
193099469
193099471
193099477
193099499
193099523
193099553
193099567
193099579
193099591
193099607
193099631
193099639
193099657
193099691
193099703
193099721
193099727
193099729
193099757
193099769
193099783
193099801
193099807
193099813
193099847
193099859
193099867
193099871
193099877
193099891
193099897
193099903
193099909
193099919
193099967
193099969
193099987
193100027
193100053
193100087
193100099
193100137
193100179
193100261
193100269
193100273
193100311
193100317
193100339
193100371
193100377
193100407
193100429
193100431
193100443
193100449
193100471
193100489
193100497
193100503
193100507
193100533
193100543
193100627
193100657
193100689
193100701
193100711
193100723
193100729
193100741
193100749
193100797
193100813
193100837
193100903
193100927
193100951
193100959
193100983
193101091
193101121
193101127
193101131
193101137
193101157
193101179
193101203
193101217
193101221
193101229
193101241
193101247
193101257
193101269
193101289
193101299
193101301
193101329
193101331
193101379
193101397
193101407
193101421
193101443
193101451
193101463
193101527
193101551
193101563
193101577
193101593
193101607
193101641
193101653
193101707
193101751
193101761
193101763
193101781
193101817
193101847
193101851
193101869
193101913
193101917
193101947
193101967
193101983
193101989
193102033
193102061
193102093
193102109
193102123
193102127
193102139
193102153
193102159
193102163
193102177
193102183
193102211
193102219
193102229
193102243
193102249
193102309
193102313
193102331
193102363
193102381
193102391
193102409
193102433
193102451
193102477
193102489
193102543
193102573
193102577
193102603
193102633
193102669
193102673
193102697
193102703
193102729
193102783
193102787
193102801
193102823
193102829
193102843
193102849
193102867
193102879
193102901
193102961
193103077
193103081
193103087
193103093
193103117
193103129
193103171
193103189
193103203
193103227
193103233
193103263
193103291
193103293
193103299
193103311
193103341
193103347
193103353
193103363
193103381
193103437
193103453
193103461
193103467
193103503
193103507
193103509
193103513
193103543
193103549
193103569
193103591
193103611
193103639
193103657
193103689
193103693
193103723
193103737
193103767
193103773
193103789
193103797
193103839
193103843
193103861
193103893
193103941
193103957
193103993
193104001
193104019
193104047
193104083
193104097
193104151
193104169
193104181
193104187
193104193
193104209
193104211
193104217
193104253
193104269
193104283
193104293
193104311
193104323
193104337
193104347
193104367
193104371
193104409
193104419
193104433
193104437
193104469
193104473
193104497
193104521
193104523
193104553
193104559
193104607
193104617
193104631
193104641
193104697
193104713
193104731
193104749
193104761
193104763
193104889
193104911
193104943
193104953
193104973
193104979
193105001
193105051
193105067
193105111
193105139
193105141
193105181
193105207
193105219
193105223
193105247
193105249
193105267
193105271
193105277
193105313
193105337
193105343
193105349
193105351
193105357
193105373
193105387
193105391
193105439
193105441
193105463
193105483
193105487
193105489
193105511
193105537
193105573
193105579
193105589
193105609
193105621
193105673
193105691
193105699
193105709
193105711
193105799
193105811
193105837
193105877
193105883
193105933
193105963
193105967
193105981
193106027
193106029
193106047
193106093
193106107
193106117
193106131
193106141
193106143
193106153
193106171
193106197
193106231
193106317
193106323
193106327
193106341
193106359
193106363
193106387
193106429
193106437
193106477
193106479
193106483
193106509
193106527
193106623
193106659
193106677
193106699
193106743
193106759
193106773
193106779
193106789
193106807
193106813
193106819
193106821
193106839
193106891
193106897
193106923
193106939
193106957
193106971
193106983
193106987
193106993
193107041
193107049
193107113
193107121
193107137
193107139
193107157
193107191
193107193
193107209
193107221
193107223
193107247
193107289
193107293
193107323
193107337
193107347
193107359
193107361
193107373
193107377
193107389
193107457
193107479
193107529
193107533
193107559
193107613
193107619
193107647
193107667
193107671
193107683
193107713
193107727
193107731
193107737
193107751
193107763
193107787
193107821
193107823
193107851
193107857
193107881
193107907
193107917
193107923
193107949
193107953
193107973
193107979
193108033
193108037
193108051
193108081
193108087
193108093
193108099
193108159
193108169
193108171
193108177
193108183
193108189
193108193
193108241
193108259
193108261
193108283
193108337
193108339
193108351
193108397
193108403
193108451
193108481
193108499
193108501
193108523
193108537
193108561
193108577
193108589
193108603
193108631
193108639
193108687
193108691
193108693
